export const MATRIZ_30_X_30 = [
  [
    77, 40, 14, 17, 79, 37, 62, 22, 64, 36, 100, 28, 50, 44, 14, 33, 10, 85, 21,
    73, 80, 76, 59, 72, 92, 84, 50, 99, 74, 75,
  ],
  [
    40, 94, 30, 74, 79, 21, 45, 83, 96, 28, 6, 86, 85, 12, 35, 11, 44, 89, 69,
    39, 15, 1, 67, 43, 22, 38, 62, 12, 75, 87,
  ],
  [
    14, 30, 66, 62, 59, 60, 53, 100, 6, 32, 0, 64, 45, 65, 13, 28, 55, 72, 39,
    4, 29, 78, 67, 36, 39, 5, 8, 17, 28, 36,
  ],
  [
    17, 74, 62, 98, 23, 30, 61, 46, 35, 74, 33, 87, 42, 43, 100, 96, 58, 45, 20,
    83, 42, 38, 56, 90, 76, 11, 63, 45, 23, 34,
  ],
  [
    79, 79, 59, 23, 83, 93, 86, 8, 53, 95, 86, 2, 48, 56, 81, 70, 29, 83, 96,
    44, 2, 74, 22, 37, 55, 92, 15, 88, 72, 71,
  ],
  [
    37, 21, 60, 30, 93, 37, 58, 22, 92, 27, 81, 38, 19, 19, 34, 89, 59, 68, 62,
    16, 69, 99, 17, 20, 21, 94, 84, 76, 63, 33,
  ],
  [
    62, 45, 53, 61, 86, 58, 70, 99, 39, 89, 20, 59, 7, 99, 95, 19, 23, 54, 45,
    71, 3, 70, 8, 98, 72, 8, 87, 16, 50, 90,
  ],
  [
    22, 83, 100, 46, 8, 22, 99, 56, 100, 94, 64, 33, 92, 94, 1, 47, 99, 46, 71,
    18, 10, 70, 36, 72, 28, 15, 93, 35, 76, 75,
  ],
  [
    64, 96, 6, 35, 53, 92, 39, 100, 27, 20, 68, 96, 56, 37, 6, 69, 26, 68, 90,
    21, 62, 14, 43, 70, 85, 11, 37, 30, 93, 82,
  ],
  [
    36, 28, 32, 74, 95, 27, 89, 94, 20, 76, 72, 44, 18, 93, 9, 92, 67, 84, 95,
    1, 86, 40, 80, 17, 81, 30, 98, 87, 54, 56,
  ],
  [
    100, 6, 0, 33, 86, 81, 20, 64, 68, 72, 5, 87, 62, 51, 99, 47, 78, 12, 52,
    92, 54, 23, 98, 81, 47, 68, 65, 73, 97, 54,
  ],
  [
    28, 86, 64, 87, 2, 38, 59, 33, 96, 44, 87, 66, 39, 26, 49, 41, 31, 74, 73,
    73, 70, 3, 25, 23, 25, 31, 69, 98, 78, 38,
  ],
  [
    50, 85, 45, 42, 48, 19, 7, 92, 56, 18, 62, 39, 54, 47, 24, 41, 98, 84, 64,
    63, 98, 6, 82, 79, 41, 46, 71, 26, 99, 79,
  ],
  [
    44, 12, 65, 43, 56, 19, 99, 94, 37, 93, 51, 26, 47, 53, 89, 72, 31, 63, 15,
    44, 3, 46, 35, 78, 76, 34, 42, 88, 13, 24,
  ],
  [
    14, 35, 13, 100, 81, 34, 95, 1, 6, 9, 99, 49, 24, 89, 98, 31, 9, 73, 7, 84,
    92, 48, 7, 66, 63, 86, 74, 44, 17, 100,
  ],
  [
    33, 11, 28, 96, 70, 89, 19, 47, 69, 92, 47, 41, 41, 72, 31, 54, 27, 20, 89,
    0, 20, 5, 97, 19, 37, 39, 39, 2, 52, 13,
  ],
  [
    10, 44, 55, 58, 29, 59, 23, 99, 26, 67, 78, 31, 98, 31, 9, 27, 58, 79, 66,
    99, 37, 78, 20, 26, 30, 33, 42, 72, 76, 69,
  ],
  [
    85, 89, 72, 45, 83, 68, 54, 46, 68, 84, 12, 74, 84, 63, 73, 20, 79, 86, 95,
    56, 50, 33, 25, 2, 51, 51, 24, 90, 47, 66,
  ],
  [
    21, 69, 39, 20, 96, 62, 45, 71, 90, 95, 52, 73, 64, 15, 7, 89, 66, 95, 25,
    62, 61, 59, 25, 96, 30, 97, 56, 55, 34, 47,
  ],
  [
    73, 39, 4, 83, 44, 16, 71, 18, 21, 1, 92, 73, 63, 44, 84, 0, 99, 56, 62, 56,
    99, 67, 65, 45, 31, 91, 82, 46, 48, 73,
  ],
  [
    80, 15, 29, 42, 2, 69, 3, 10, 62, 86, 54, 70, 98, 3, 92, 20, 37, 50, 61, 99,
    54, 94, 74, 70, 31, 97, 53, 36, 73, 1,
  ],
  [
    76, 1, 78, 38, 74, 99, 70, 70, 14, 40, 23, 3, 6, 46, 48, 5, 78, 33, 59, 67,
    94, 97, 91, 39, 6, 26, 56, 36, 75, 22,
  ],
  [
    59, 67, 67, 56, 22, 17, 8, 36, 43, 80, 98, 25, 82, 35, 7, 97, 20, 25, 25,
    65, 74, 91, 26, 3, 90, 66, 5, 42, 26, 88,
  ],
  [
    72, 43, 36, 90, 37, 20, 98, 72, 70, 17, 81, 23, 79, 78, 66, 19, 26, 2, 96,
    45, 70, 39, 3, 19, 22, 60, 12, 46, 49, 3,
  ],
  [
    92, 22, 39, 76, 55, 21, 72, 28, 85, 81, 47, 25, 41, 76, 63, 37, 30, 51, 30,
    31, 31, 6, 90, 22, 72, 31, 13, 17, 22, 83,
  ],
  [
    84, 38, 5, 11, 92, 94, 8, 15, 11, 30, 68, 31, 46, 34, 86, 39, 33, 51, 97,
    91, 97, 26, 66, 60, 31, 34, 99, 66, 78, 40,
  ],
  [
    50, 62, 8, 63, 15, 84, 87, 93, 37, 98, 65, 69, 71, 42, 74, 39, 42, 24, 56,
    82, 53, 56, 5, 12, 13, 99, 85, 27, 61, 21,
  ],
  [
    99, 12, 17, 45, 88, 76, 16, 35, 30, 87, 73, 98, 26, 88, 44, 2, 72, 90, 55,
    46, 36, 36, 42, 46, 17, 66, 27, 43, 21, 61,
  ],
  [
    74, 75, 28, 23, 72, 63, 50, 76, 93, 54, 97, 78, 99, 13, 17, 52, 76, 47, 34,
    48, 73, 75, 26, 49, 22, 78, 61, 21, 81, 27,
  ],
  [
    75, 87, 36, 34, 71, 33, 90, 75, 82, 56, 54, 38, 79, 24, 100, 13, 69, 66, 47,
    73, 1, 22, 88, 3, 83, 40, 21, 61, 27, 56,
  ],
]

export const MATRIX_10_X_10 = [
  [28, 85, 88, 77, 33, 36, 78, 36, 55, 15],
  [85, 2, 14, 3, 2, 23, 14, 30, 87, 14],
  [88, 14, 46, 14, 1, 87, 31, 26, 6, 56],
  [77, 3, 14, 78, 96, 3, 2, 68, 18, 18],
  [33, 2, 1, 96, 74, 28, 85, 98, 56, 93],
  [36, 23, 87, 3, 28, 39, 98, 19, 52, 1],
  [78, 14, 31, 2, 85, 98, 52, 100, 92, 67],
  [36, 30, 26, 68, 98, 19, 100, 26, 2, 5],
  [55, 87, 6, 18, 56, 52, 92, 2, 91, 27],
  [15, 14, 56, 18, 93, 1, 67, 5, 27, 18],
]

export const MATRIX_50_x_50 = [
  [
    72, 32, 65, 88, 55, 9, 51, 78, 30, 14, 64, 100, 72, 57, 97, 81, 83, 80, 35,
    58, 8, 38, 70, 13, 35, 37, 1, 7, 89, 23, 74, 68, 72, 1, 55, 22, 22, 21, 44,
    5, 33, 30, 5, 21, 77, 47, 22, 94, 43, 61,
  ],
  [
    32, 41, 30, 98, 10, 51, 80, 38, 0, 52, 18, 90, 88, 85, 56, 76, 49, 30, 31,
    17, 33, 29, 65, 46, 6, 18, 11, 74, 76, 57, 76, 52, 94, 94, 68, 32, 55, 69,
    57, 45, 58, 18, 50, 23, 63, 4, 17, 68, 30, 83,
  ],
  [
    65, 30, 60, 13, 73, 79, 84, 87, 30, 85, 14, 17, 36, 44, 46, 98, 95, 41, 58,
    19, 26, 48, 2, 26, 82, 56, 72, 61, 16, 77, 14, 18, 59, 21, 95, 63, 56, 0,
    63, 8, 29, 79, 89, 5, 100, 9, 78, 19, 51, 69,
  ],
  [
    88, 98, 13, 2, 100, 83, 82, 62, 42, 60, 3, 74, 58, 55, 58, 30, 23, 30, 20,
    42, 56, 68, 61, 53, 22, 32, 14, 13, 53, 44, 96, 65, 67, 99, 89, 12, 79, 76,
    32, 34, 95, 69, 20, 64, 88, 70, 54, 27, 22, 37,
  ],
  [
    55, 10, 73, 100, 36, 89, 30, 24, 55, 87, 85, 65, 47, 66, 65, 19, 39, 48, 94,
    68, 73, 51, 20, 51, 83, 0, 88, 15, 90, 19, 30, 5, 85, 80, 16, 16, 5, 48, 25,
    74, 36, 63, 54, 80, 64, 78, 99, 66, 78, 40,
  ],
  [
    9, 51, 79, 83, 89, 50, 63, 93, 94, 15, 70, 91, 78, 77, 80, 92, 0, 47, 4, 23,
    82, 50, 70, 13, 36, 74, 70, 13, 58, 52, 35, 40, 21, 62, 42, 75, 51, 95, 84,
    45, 8, 1, 46, 34, 35, 24, 50, 98, 76, 6,
  ],
  [
    51, 80, 84, 82, 30, 63, 47, 49, 23, 93, 97, 20, 25, 39, 9, 81, 79, 71, 61,
    100, 39, 62, 55, 44, 16, 14, 30, 40, 7, 100, 38, 58, 42, 80, 11, 68, 50, 41,
    18, 48, 15, 17, 88, 85, 13, 31, 72, 37, 75, 45,
  ],
  [
    78, 38, 87, 62, 24, 93, 49, 41, 7, 26, 18, 10, 19, 29, 75, 27, 86, 13, 18,
    93, 62, 59, 89, 87, 37, 27, 47, 82, 47, 59, 96, 79, 81, 22, 50, 74, 74, 70,
    47, 13, 97, 43, 44, 74, 88, 94, 82, 37, 80, 18,
  ],
  [
    30, 0, 30, 42, 55, 94, 23, 7, 11, 39, 15, 83, 6, 21, 85, 3, 99, 72, 93, 26,
    37, 17, 32, 8, 7, 49, 64, 43, 65, 74, 55, 45, 79, 13, 4, 42, 31, 84, 99, 37,
    9, 75, 98, 58, 82, 58, 11, 65, 100, 24,
  ],
  [
    14, 52, 85, 60, 87, 15, 93, 26, 39, 98, 8, 19, 34, 55, 24, 60, 86, 61, 10,
    91, 84, 40, 25, 18, 75, 92, 52, 37, 83, 60, 0, 30, 48, 14, 73, 30, 93, 14,
    3, 74, 8, 7, 100, 48, 13, 58, 33, 9, 62, 59,
  ],
  [
    64, 18, 14, 3, 85, 70, 97, 18, 15, 8, 83, 14, 24, 27, 44, 67, 13, 83, 64,
    24, 28, 48, 56, 7, 22, 69, 87, 70, 68, 3, 57, 80, 23, 86, 40, 93, 89, 86, 3,
    14, 75, 97, 16, 47, 58, 10, 7, 13, 4, 24,
  ],
  [
    100, 90, 17, 74, 65, 91, 20, 10, 83, 19, 14, 82, 12, 82, 6, 31, 8, 51, 63,
    44, 18, 35, 83, 24, 86, 59, 90, 29, 3, 87, 44, 25, 66, 20, 8, 8, 17, 88, 41,
    88, 30, 8, 32, 73, 53, 0, 18, 35, 39, 13,
  ],
  [
    57, 85, 44, 55, 66, 77, 39, 29, 21, 55, 27, 82, 81, 59, 75, 27, 87, 84, 53,
    11, 13, 94, 51, 59, 3, 89, 60, 60, 74, 81, 17, 72, 41, 55, 9, 9, 28, 88, 47,
    55, 61, 35, 35, 88, 19, 97, 36, 99, 71, 54,
  ],
  [
    97, 56, 46, 58, 65, 80, 9, 75, 85, 24, 44, 6, 76, 75, 49, 43, 88, 86, 83,
    60, 22, 53, 66, 18, 49, 39, 74, 94, 49, 46, 78, 72, 20, 74, 20, 24, 79, 63,
    54, 2, 93, 28, 38, 51, 94, 50, 29, 48, 15, 94,
  ],
  [
    81, 76, 98, 30, 19, 92, 81, 27, 3, 60, 67, 31, 84, 27, 43, 3, 54, 37, 48,
    40, 78, 75, 71, 52, 56, 68, 36, 17, 92, 98, 22, 38, 85, 64, 43, 94, 43, 64,
    13, 61, 17, 87, 69, 23, 67, 4, 16, 40, 32, 91,
  ],
  [
    83, 49, 95, 23, 39, 0, 79, 86, 99, 86, 13, 8, 88, 87, 88, 54, 29, 70, 19,
    63, 76, 17, 48, 85, 35, 66, 69, 42, 48, 21, 46, 51, 2, 51, 20, 71, 65, 98,
    30, 72, 78, 13, 78, 8, 56, 19, 64, 51, 92, 76,
  ],
  [
    80, 30, 41, 30, 48, 47, 71, 13, 72, 61, 83, 51, 78, 84, 86, 37, 70, 4, 72,
    43, 10, 38, 28, 15, 48, 28, 69, 94, 56, 70, 32, 82, 98, 11, 67, 51, 26, 69,
    63, 51, 45, 90, 94, 98, 90, 94, 58, 30, 42, 47,
  ],
  [
    35, 31, 58, 20, 94, 4, 61, 18, 93, 10, 64, 63, 100, 53, 83, 48, 19, 72, 77,
    46, 26, 45, 68, 48, 6, 33, 89, 67, 17, 24, 79, 12, 44, 92, 2, 36, 44, 30,
    81, 69, 69, 78, 2, 63, 63, 2, 24, 53, 71, 13,
  ],
  [
    58, 17, 19, 42, 68, 23, 100, 93, 26, 91, 24, 44, 8, 11, 60, 40, 63, 43, 46,
    93, 14, 68, 16, 42, 14, 8, 100, 71, 89, 35, 30, 89, 42, 95, 97, 68, 88, 98,
    70, 14, 79, 38, 35, 16, 99, 24, 66, 13, 59, 13,
  ],
  [
    8, 33, 26, 56, 73, 82, 39, 62, 37, 84, 28, 18, 11, 13, 22, 78, 76, 10, 26,
    14, 53, 96, 83, 88, 24, 75, 3, 16, 97, 42, 9, 5, 38, 9, 64, 65, 59, 38, 0,
    22, 39, 0, 42, 27, 85, 39, 1, 3, 17, 74,
  ],
  [
    38, 29, 48, 68, 51, 50, 62, 59, 17, 40, 48, 35, 4, 94, 53, 75, 17, 38, 45,
    68, 96, 92, 21, 98, 6, 36, 16, 62, 9, 74, 30, 67, 32, 22, 39, 58, 71, 95,
    48, 59, 94, 100, 83, 0, 31, 88, 85, 1, 17, 30,
  ],
  [
    70, 65, 2, 61, 20, 70, 55, 89, 32, 25, 56, 83, 95, 51, 66, 71, 48, 28, 68,
    16, 83, 21, 28, 35, 79, 34, 51, 40, 69, 29, 27, 8, 71, 22, 13, 77, 56, 62,
    81, 55, 64, 77, 6, 2, 49, 51, 46, 42, 6, 95,
  ],
  [
    13, 46, 26, 53, 51, 13, 44, 87, 8, 18, 7, 24, 24, 59, 18, 52, 85, 15, 48,
    42, 88, 98, 35, 47, 89, 98, 32, 25, 56, 79, 96, 49, 45, 97, 23, 60, 65, 23,
    63, 3, 9, 66, 4, 100, 98, 2, 62, 99, 32, 96,
  ],
  [
    35, 6, 82, 22, 83, 36, 16, 37, 7, 75, 22, 86, 97, 3, 49, 56, 35, 48, 6, 14,
    24, 6, 79, 89, 27, 74, 59, 29, 66, 53, 20, 35, 32, 69, 4, 95, 82, 2, 16, 20,
    90, 47, 72, 88, 85, 52, 94, 68, 22, 97,
  ],
  [
    37, 18, 56, 32, 0, 74, 14, 27, 49, 92, 69, 59, 4, 89, 39, 68, 66, 28, 33, 8,
    75, 36, 34, 98, 74, 18, 30, 9, 15, 100, 56, 52, 19, 44, 40, 24, 34, 97, 17,
    38, 46, 76, 28, 49, 5, 81, 28, 25, 100, 1,
  ],
  [
    1, 11, 72, 14, 88, 70, 30, 47, 64, 52, 87, 90, 49, 60, 74, 36, 69, 69, 89,
    100, 3, 16, 51, 32, 59, 30, 29, 0, 48, 95, 40, 89, 66, 45, 41, 80, 72, 18,
    59, 60, 58, 27, 29, 17, 64, 72, 49, 77, 60, 5,
  ],
  [
    7, 74, 61, 13, 15, 13, 40, 82, 43, 37, 70, 29, 23, 60, 94, 17, 42, 94, 67,
    71, 16, 62, 40, 25, 29, 9, 0, 50, 60, 14, 0, 32, 89, 59, 20, 100, 26, 64,
    87, 10, 38, 90, 45, 53, 46, 51, 16, 3, 45, 85,
  ],
  [
    89, 76, 16, 53, 90, 58, 7, 47, 65, 83, 68, 3, 37, 74, 49, 92, 48, 56, 17,
    89, 97, 9, 69, 56, 66, 15, 48, 60, 44, 42, 28, 86, 92, 68, 37, 95, 80, 17,
    31, 77, 2, 68, 35, 90, 98, 85, 66, 24, 71, 74,
  ],
  [
    23, 57, 77, 44, 19, 52, 100, 59, 74, 60, 3, 87, 62, 81, 46, 98, 21, 70, 24,
    35, 42, 74, 29, 79, 53, 100, 95, 14, 42, 73, 13, 75, 19, 27, 69, 44, 98, 66,
    57, 73, 81, 22, 28, 3, 67, 82, 76, 40, 90, 76,
  ],
  [
    74, 76, 14, 96, 30, 35, 38, 96, 55, 0, 57, 44, 36, 17, 78, 22, 46, 32, 79,
    30, 9, 30, 27, 96, 20, 56, 40, 0, 28, 13, 33, 68, 57, 85, 54, 11, 46, 1, 74,
    26, 69, 22, 75, 36, 85, 35, 90, 23, 48, 48,
  ],
  [
    68, 52, 18, 65, 5, 40, 58, 79, 45, 30, 80, 25, 3, 72, 72, 38, 51, 82, 12,
    89, 5, 67, 8, 49, 35, 52, 89, 32, 86, 75, 68, 42, 18, 46, 7, 88, 79, 84, 15,
    32, 23, 53, 14, 2, 8, 51, 17, 33, 28, 65,
  ],
  [
    72, 94, 59, 67, 85, 21, 42, 81, 79, 48, 23, 66, 3, 41, 20, 85, 2, 98, 44,
    42, 38, 32, 71, 45, 32, 19, 66, 89, 92, 19, 57, 18, 28, 62, 57, 31, 1, 55,
    18, 47, 69, 3, 72, 42, 20, 27, 76, 68, 47, 26,
  ],
  [
    1, 94, 21, 99, 80, 62, 80, 22, 13, 14, 86, 20, 0, 55, 74, 64, 51, 11, 92,
    95, 9, 22, 22, 97, 69, 44, 45, 59, 68, 27, 85, 46, 62, 82, 88, 87, 35, 99,
    75, 90, 94, 34, 25, 2, 24, 6, 87, 27, 44, 41,
  ],
  [
    55, 68, 95, 89, 16, 42, 11, 50, 4, 73, 40, 8, 30, 9, 20, 43, 20, 67, 2, 97,
    64, 39, 13, 23, 4, 40, 41, 20, 37, 69, 54, 7, 57, 88, 28, 54, 31, 51, 71,
    51, 14, 29, 27, 64, 21, 72, 17, 42, 49, 93,
  ],
  [
    22, 32, 63, 12, 16, 75, 68, 74, 42, 30, 93, 8, 76, 9, 24, 94, 71, 51, 36,
    68, 65, 58, 77, 60, 95, 24, 80, 100, 95, 44, 11, 88, 31, 87, 54, 64, 81, 1,
    9, 88, 98, 96, 58, 88, 94, 94, 100, 41, 71, 79,
  ],
  [
    22, 55, 56, 79, 5, 51, 50, 74, 31, 93, 89, 17, 55, 28, 79, 43, 65, 26, 44,
    88, 59, 71, 56, 65, 82, 34, 72, 26, 80, 98, 46, 79, 1, 35, 31, 81, 66, 48,
    91, 79, 83, 81, 99, 73, 54, 31, 63, 9, 81, 17,
  ],
  [
    21, 69, 0, 76, 48, 95, 41, 70, 84, 14, 86, 88, 4, 88, 63, 64, 98, 69, 30,
    98, 38, 95, 62, 23, 2, 97, 18, 64, 17, 66, 1, 84, 55, 99, 51, 1, 48, 63, 37,
    88, 82, 31, 3, 75, 54, 26, 51, 51, 79, 78,
  ],
  [
    44, 57, 63, 32, 25, 84, 18, 47, 99, 3, 3, 41, 31, 47, 54, 13, 30, 63, 81,
    70, 0, 48, 81, 63, 16, 17, 59, 87, 31, 57, 74, 15, 18, 75, 71, 9, 91, 37,
    67, 90, 90, 32, 12, 17, 71, 88, 70, 13, 42, 34,
  ],
  [
    5, 45, 8, 34, 74, 45, 48, 13, 37, 74, 14, 88, 83, 55, 2, 61, 72, 51, 69, 14,
    22, 59, 55, 3, 20, 38, 60, 10, 77, 73, 26, 32, 47, 90, 51, 88, 79, 88, 90,
    0, 6, 80, 77, 29, 23, 79, 96, 28, 88, 59,
  ],
  [
    33, 58, 29, 95, 36, 8, 15, 97, 9, 8, 75, 30, 54, 61, 93, 17, 78, 45, 69, 79,
    39, 94, 64, 9, 90, 46, 58, 38, 2, 81, 69, 23, 69, 94, 14, 98, 83, 82, 90, 6,
    93, 74, 35, 79, 89, 42, 87, 91, 46, 83,
  ],
  [
    30, 18, 79, 69, 63, 1, 17, 43, 75, 7, 97, 8, 79, 35, 28, 87, 13, 90, 78, 38,
    0, 100, 77, 66, 47, 76, 27, 90, 68, 22, 22, 53, 3, 34, 29, 96, 81, 31, 32,
    80, 74, 68, 56, 65, 13, 38, 23, 4, 71, 54,
  ],
  [
    5, 50, 89, 20, 54, 46, 88, 44, 98, 100, 16, 32, 16, 35, 38, 69, 78, 94, 2,
    35, 42, 83, 6, 4, 72, 28, 29, 45, 35, 28, 75, 14, 72, 25, 27, 58, 99, 3, 12,
    77, 35, 56, 28, 48, 74, 19, 26, 82, 74, 65,
  ],
  [
    21, 23, 5, 64, 80, 34, 85, 74, 58, 48, 47, 73, 10, 88, 51, 23, 8, 98, 63,
    16, 27, 0, 2, 100, 88, 49, 17, 53, 90, 3, 36, 2, 42, 2, 64, 88, 73, 75, 17,
    29, 79, 65, 48, 100, 77, 25, 49, 60, 17, 14,
  ],
  [
    77, 63, 100, 88, 64, 35, 13, 88, 82, 13, 58, 53, 53, 19, 94, 67, 56, 90, 63,
    99, 85, 31, 49, 98, 85, 5, 64, 46, 98, 67, 85, 8, 20, 24, 21, 94, 54, 54,
    71, 23, 89, 13, 74, 77, 42, 78, 85, 82, 50, 3,
  ],
  [
    47, 4, 9, 70, 78, 24, 31, 94, 58, 58, 10, 0, 8, 97, 50, 4, 19, 94, 2, 24,
    39, 88, 51, 2, 52, 81, 72, 51, 85, 82, 35, 51, 27, 6, 72, 94, 31, 26, 88,
    79, 42, 38, 19, 25, 78, 25, 100, 2, 88, 42,
  ],
  [
    22, 17, 78, 54, 99, 50, 72, 82, 11, 33, 7, 18, 61, 36, 29, 16, 64, 58, 24,
    66, 1, 85, 46, 62, 94, 28, 49, 16, 66, 76, 90, 17, 76, 87, 17, 100, 63, 51,
    70, 96, 87, 23, 26, 49, 85, 100, 83, 37, 56, 88,
  ],
  [
    94, 68, 19, 27, 66, 98, 37, 37, 65, 9, 13, 35, 22, 99, 48, 40, 51, 30, 53,
    13, 3, 1, 42, 99, 68, 25, 77, 3, 24, 40, 23, 33, 68, 27, 42, 41, 9, 51, 13,
    28, 91, 4, 82, 60, 82, 2, 37, 44, 86, 91,
  ],
  [
    43, 30, 51, 22, 78, 76, 75, 80, 100, 62, 4, 39, 84, 71, 15, 32, 92, 42, 71,
    59, 17, 17, 6, 32, 22, 100, 60, 45, 71, 90, 48, 28, 47, 44, 49, 71, 81, 79,
    42, 88, 46, 71, 74, 17, 50, 88, 56, 86, 29, 10,
  ],
  [
    61, 83, 69, 37, 40, 6, 45, 18, 24, 59, 24, 13, 34, 54, 94, 91, 76, 47, 13,
    13, 74, 30, 95, 96, 97, 1, 5, 85, 74, 76, 48, 65, 26, 41, 93, 79, 17, 78,
    34, 59, 83, 54, 65, 14, 3, 42, 88, 91, 10, 85,
  ],
]
