export const MATRIZ_30_X_30 = [
  [
    77, 40, 14, 17, 79, 37, 62, 22, 64, 36, 100, 28, 50, 44, 14, 33, 10, 85, 21,
    73, 80, 76, 59, 72, 92, 84, 50, 99, 74, 75,
  ],
  [
    40, 94, 30, 74, 79, 21, 45, 83, 96, 28, 6, 86, 85, 12, 35, 11, 44, 89, 69,
    39, 15, 1, 67, 43, 22, 38, 62, 12, 75, 87,
  ],
  [
    14, 30, 66, 62, 59, 60, 53, 100, 6, 32, 0, 64, 45, 65, 13, 28, 55, 72, 39,
    4, 29, 78, 67, 36, 39, 5, 8, 17, 28, 36,
  ],
  [
    17, 74, 62, 98, 23, 30, 61, 46, 35, 74, 33, 87, 42, 43, 100, 96, 58, 45, 20,
    83, 42, 38, 56, 90, 76, 11, 63, 45, 23, 34,
  ],
  [
    79, 79, 59, 23, 83, 93, 86, 8, 53, 95, 86, 2, 48, 56, 81, 70, 29, 83, 96,
    44, 2, 74, 22, 37, 55, 92, 15, 88, 72, 71,
  ],
  [
    37, 21, 60, 30, 93, 37, 58, 22, 92, 27, 81, 38, 19, 19, 34, 89, 59, 68, 62,
    16, 69, 99, 17, 20, 21, 94, 84, 76, 63, 33,
  ],
  [
    62, 45, 53, 61, 86, 58, 70, 99, 39, 89, 20, 59, 7, 99, 95, 19, 23, 54, 45,
    71, 3, 70, 8, 98, 72, 8, 87, 16, 50, 90,
  ],
  [
    22, 83, 100, 46, 8, 22, 99, 56, 100, 94, 64, 33, 92, 94, 1, 47, 99, 46, 71,
    18, 10, 70, 36, 72, 28, 15, 93, 35, 76, 75,
  ],
  [
    64, 96, 6, 35, 53, 92, 39, 100, 27, 20, 68, 96, 56, 37, 6, 69, 26, 68, 90,
    21, 62, 14, 43, 70, 85, 11, 37, 30, 93, 82,
  ],
  [
    36, 28, 32, 74, 95, 27, 89, 94, 20, 76, 72, 44, 18, 93, 9, 92, 67, 84, 95,
    1, 86, 40, 80, 17, 81, 30, 98, 87, 54, 56,
  ],
  [
    100, 6, 0, 33, 86, 81, 20, 64, 68, 72, 5, 87, 62, 51, 99, 47, 78, 12, 52,
    92, 54, 23, 98, 81, 47, 68, 65, 73, 97, 54,
  ],
  [
    28, 86, 64, 87, 2, 38, 59, 33, 96, 44, 87, 66, 39, 26, 49, 41, 31, 74, 73,
    73, 70, 3, 25, 23, 25, 31, 69, 98, 78, 38,
  ],
  [
    50, 85, 45, 42, 48, 19, 7, 92, 56, 18, 62, 39, 54, 47, 24, 41, 98, 84, 64,
    63, 98, 6, 82, 79, 41, 46, 71, 26, 99, 79,
  ],
  [
    44, 12, 65, 43, 56, 19, 99, 94, 37, 93, 51, 26, 47, 53, 89, 72, 31, 63, 15,
    44, 3, 46, 35, 78, 76, 34, 42, 88, 13, 24,
  ],
  [
    14, 35, 13, 100, 81, 34, 95, 1, 6, 9, 99, 49, 24, 89, 98, 31, 9, 73, 7, 84,
    92, 48, 7, 66, 63, 86, 74, 44, 17, 100,
  ],
  [
    33, 11, 28, 96, 70, 89, 19, 47, 69, 92, 47, 41, 41, 72, 31, 54, 27, 20, 89,
    0, 20, 5, 97, 19, 37, 39, 39, 2, 52, 13,
  ],
  [
    10, 44, 55, 58, 29, 59, 23, 99, 26, 67, 78, 31, 98, 31, 9, 27, 58, 79, 66,
    99, 37, 78, 20, 26, 30, 33, 42, 72, 76, 69,
  ],
  [
    85, 89, 72, 45, 83, 68, 54, 46, 68, 84, 12, 74, 84, 63, 73, 20, 79, 86, 95,
    56, 50, 33, 25, 2, 51, 51, 24, 90, 47, 66,
  ],
  [
    21, 69, 39, 20, 96, 62, 45, 71, 90, 95, 52, 73, 64, 15, 7, 89, 66, 95, 25,
    62, 61, 59, 25, 96, 30, 97, 56, 55, 34, 47,
  ],
  [
    73, 39, 4, 83, 44, 16, 71, 18, 21, 1, 92, 73, 63, 44, 84, 0, 99, 56, 62, 56,
    99, 67, 65, 45, 31, 91, 82, 46, 48, 73,
  ],
  [
    80, 15, 29, 42, 2, 69, 3, 10, 62, 86, 54, 70, 98, 3, 92, 20, 37, 50, 61, 99,
    54, 94, 74, 70, 31, 97, 53, 36, 73, 1,
  ],
  [
    76, 1, 78, 38, 74, 99, 70, 70, 14, 40, 23, 3, 6, 46, 48, 5, 78, 33, 59, 67,
    94, 97, 91, 39, 6, 26, 56, 36, 75, 22,
  ],
  [
    59, 67, 67, 56, 22, 17, 8, 36, 43, 80, 98, 25, 82, 35, 7, 97, 20, 25, 25,
    65, 74, 91, 26, 3, 90, 66, 5, 42, 26, 88,
  ],
  [
    72, 43, 36, 90, 37, 20, 98, 72, 70, 17, 81, 23, 79, 78, 66, 19, 26, 2, 96,
    45, 70, 39, 3, 19, 22, 60, 12, 46, 49, 3,
  ],
  [
    92, 22, 39, 76, 55, 21, 72, 28, 85, 81, 47, 25, 41, 76, 63, 37, 30, 51, 30,
    31, 31, 6, 90, 22, 72, 31, 13, 17, 22, 83,
  ],
  [
    84, 38, 5, 11, 92, 94, 8, 15, 11, 30, 68, 31, 46, 34, 86, 39, 33, 51, 97,
    91, 97, 26, 66, 60, 31, 34, 99, 66, 78, 40,
  ],
  [
    50, 62, 8, 63, 15, 84, 87, 93, 37, 98, 65, 69, 71, 42, 74, 39, 42, 24, 56,
    82, 53, 56, 5, 12, 13, 99, 85, 27, 61, 21,
  ],
  [
    99, 12, 17, 45, 88, 76, 16, 35, 30, 87, 73, 98, 26, 88, 44, 2, 72, 90, 55,
    46, 36, 36, 42, 46, 17, 66, 27, 43, 21, 61,
  ],
  [
    74, 75, 28, 23, 72, 63, 50, 76, 93, 54, 97, 78, 99, 13, 17, 52, 76, 47, 34,
    48, 73, 75, 26, 49, 22, 78, 61, 21, 81, 27,
  ],
  [
    75, 87, 36, 34, 71, 33, 90, 75, 82, 56, 54, 38, 79, 24, 100, 13, 69, 66, 47,
    73, 1, 22, 88, 3, 83, 40, 21, 61, 27, 56,
  ],
]
